Radix1000: [0.000249, 0.000297, 0.000156, 9.7e-05, 9.1e-05, 0.000105, 9.8e-05, 0.000122, 9.4e-05, 0.00012, 0.000112, 9.8e-05, 9.7e-05, 0.000102, 0.000102, 0.000136, 0.000115, 0.000146, 0.000137, 0.000124, 0.000102, 0.000116, 0.000112, 0.000105, 0.000104, 0.000107, 0.000168, 0.000139, 0.000145, 8.9e-05, 8.9e-05, 8.5e-05, 8.6e-05, 0.000114, 0.000111, 9e-05, 8.6e-05, 0.000102, 0.000103, 0.000136, 8.8e-05, 8.6e-05, 8.8e-05, 8.9e-05, 8.7e-05, 8.6e-05, 8.7e-05, 8.7e-05, 0.000108, 0.000134, 0.000137, 0.000131, 9.2e-05, 9.2e-05, 9.3e-05, 9.5e-05, 9.4e-05, 9.5e-05, 9.2e-05, 0.000101, 9.5e-05, 9.4e-05, 9.2e-05, 9.3e-05, 9.3e-05, 9.6e-05, 9.2e-05, 9.8e-05, 9.2e-05, 9.5e-05, 9.2e-05, 9.3e-05, 0.000102, 9.3e-05, 9.2e-05, 9.7e-05, 9.3e-05, 9.4e-05, 9.4e-05, 9e-05, 0.000127, 9e-05, 8.7e-05, 9.3e-05, 8.8e-05, 9.1e-05, 9.3e-05, 8.8e-05, 9.2e-05, 9.3e-05, 0.000139, 9.3e-05, 0.000131, 9.5e-05, 9.7e-05, 9.2e-05, 9.5e-05, 9.6e-05, 0.000124, 9.9e-05, ]
Quick1000: [0.000414, 0.000254, 0.000206, 0.000151, 0.000152, 0.000149, 0.000151, 0.00015, 0.000149, 0.000148, 0.000148, 0.000151, 0.000151, 0.000151, 0.000166, 0.000151, 0.000169, 0.000152, 0.000159, 0.000152, 0.000174, 0.000162, 0.000147, 0.00015, 0.000162, 0.000147, 0.000194, 0.000165, 0.000173, 0.000139, 0.000146, 0.000137, 0.00014, 0.000153, 0.000151, 0.000137, 0.000138, 0.000139, 0.000203, 0.00014, 0.000138, 0.000136, 0.000143, 0.000138, 0.000138, 0.000138, 0.000177, 0.000137, 0.000167, 0.000169, 0.000199, 0.000163, 0.000147, 0.000149, 0.000147, 0.000147, 0.000147, 0.000145, 0.000157, 0.000149, 0.000148, 0.000148, 0.000147, 0.000147, 0.000147, 0.000149, 0.000149, 0.000147, 0.000148, 0.000147, 0.000147, 0.000148, 0.000154, 0.000148, 0.000149, 0.000146, 0.000147, 0.000146, 0.000147, 0.000147, 0.000163, 0.000138, 0.000136, 0.000155, 0.000137, 0.000182, 0.000138, 0.000139, 0.000139, 0.000139, 0.000167, 0.000139, 0.000174, 0.000207, 0.000149, 0.000149, 0.000149, 0.000147, 0.00015, 0.000146, ]
