Radix10000: [0.000998, 0.002145, 0.001318, 0.002054, 0.001917, 0.001501, 0.001254, 0.001064, 0.000975, 0.000889, 0.000906, 0.000964, 0.00113, 0.000957, 0.000858, 0.000859, 0.000901, 0.000963, 0.000921, 0.000892, 0.000858, 0.000943, 0.000859, 0.000858, 0.000857, 0.000884, 0.001099, 0.000859, 0.00086, 0.000895, 0.00089, 0.001051, 0.001216, 0.000922, 0.000921, 0.000859, 0.000964, 0.000897, 0.000859, 0.000861, 0.000858, 0.000992, 0.000894, 0.00086, 0.000879, 0.000858, 0.001007, 0.000863, 0.000863, 0.000856, 0.000918, 0.001092, 0.00086, 0.000885, 0.000858, 0.000857, 0.00102, 0.000862, 0.000873, 0.000864, 0.00086, 0.000884, 0.000861, 0.000861, 0.000888, 0.000858, 0.000859, 0.000865, 0.000859, 0.000896, 0.000859, 0.00086, 0.000859, 0.000882, 0.000859, 0.000883, 0.000857, 0.000864, 0.000883, 0.000859, 0.000886, 0.000858, 0.000888, 0.000858, 0.00122, 0.000862, 0.000886, 0.000937, 0.000859, 0.001487, 0.000929, 0.00096, 0.001148, 0.000865, 0.000923, 0.000918, 0.001113, 0.000892, 0.00088, 0.000857, ]
Quick10000: [0.002049, 0.002357, 0.002254, 0.002546, 0.002344, 0.002243, 0.0024, 0.001967, 0.002072, 0.001922, 0.001894, 0.001834, 0.002157, 0.001835, 0.001876, 0.001907, 0.001857, 0.001967, 0.001823, 0.001832, 0.001919, 0.001882, 0.001852, 0.001828, 0.00182, 0.001876, 0.001871, 0.001868, 0.001852, 0.001832, 0.00183, 0.00189, 0.001977, 0.001988, 0.001948, 0.001894, 0.001862, 0.001827, 0.001847, 0.001857, 0.001826, 0.001889, 0.001839, 0.001852, 0.001851, 0.001851, 0.001829, 0.001853, 0.001828, 0.001833, 0.001931, 0.001883, 0.001822, 0.001828, 0.001851, 0.001851, 0.001942, 0.001825, 0.001849, 0.001875, 0.001845, 0.002037, 0.001937, 0.001828, 0.001857, 0.001836, 0.002028, 0.001841, 0.001819, 0.001827, 0.001828, 0.002039, 0.001858, 0.001861, 0.001824, 0.001835, 0.001975, 0.001863, 0.001819, 0.001833, 0.001823, 0.001872, 0.001859, 0.001861, 0.00187, 0.001831, 0.001857, 0.001864, 0.002182, 0.002365, 0.001997, 0.002124, 0.001942, 0.002137, 0.001953, 0.001963, 0.001854, 0.001838, 0.001908, 0.001859, ]
