Radix100000: [0.02894, 0.010347, 0.009904, 0.010039, 0.010422, 0.009688, 0.009938, 0.012209, 0.009811, 0.010184, 0.010282, 0.009583, 0.00941, 0.009797, 0.015679, 0.010007, 0.009321, 0.009287, 0.009663, 0.009344, 0.009747, 0.010148, 0.009815, 0.016716, 0.009899, 0.010671, 0.009986, 0.010295, 0.010523, 0.00974, 0.010075, 0.010062, 0.009739, 0.010679, 0.009941, 0.009538, 0.010476, 0.009816, 0.009595, 0.01047, 0.009895, 0.010025, 0.010748, 0.009763, 0.009865, 0.01059, 0.009786, 0.013609, 0.010199, 0.009496, 0.010555, 0.009861, 0.009595, 0.009721, 0.009736, 0.009467, 0.010201, 0.0105, 0.009756, 0.009899, 0.01014, 0.009863, 0.010594, 0.01013, 0.009963, 0.010144, 0.010329, 0.009827, 0.010057, 0.010289, 0.009722, 0.010107, 0.009713, 0.009372, 0.011362, 0.010197, 0.012919, 0.009855, 0.009348, 0.009948, 0.009728, 0.009961, 0.010367, 0.009792, 0.010004, 0.010162, 0.00942, 0.009351, 0.010007, 0.009574, 0.009422, 0.009721, 0.009552, 0.00946, 0.009679, 0.009737, 0.009527, 0.009352, 0.009818, 0.010232, ]
Quick100000: [0.024423, 0.023679, 0.0241, 0.023285, 0.023469, 0.023499, 0.023297, 0.024305, 0.02346, 0.023249, 0.023164, 0.023573, 0.02359, 0.024889, 0.023495, 0.0233, 0.024044, 0.024246, 0.023578, 0.02364, 0.025079, 0.023656, 0.02374, 0.024921, 0.024087, 0.023567, 0.024045, 0.023851, 0.02382, 0.024257, 0.02374, 0.023709, 0.024149, 0.023809, 0.023623, 0.024061, 0.023543, 0.023509, 0.024132, 0.023563, 0.023956, 0.023785, 0.0236, 0.024266, 0.024231, 0.023672, 0.023471, 0.024407, 0.023718, 0.025569, 0.023289, 0.023419, 0.023129, 0.023222, 0.023479, 0.024111, 0.023573, 0.023895, 0.023526, 0.023384, 0.023604, 0.023774, 0.023891, 0.023265, 0.023474, 0.02334, 0.023121, 0.023347, 0.023364, 0.023347, 0.023499, 0.023422, 0.023717, 0.023534, 0.025134, 0.024338, 0.028, 0.024144, 0.023934, 0.023534, 0.023786, 0.023716, 0.023734, 0.023901, 0.023725, 0.023632, 0.023859, 0.023891, 0.023664, 0.023699, 0.023542, 0.023337, 0.023219, 0.023437, 0.023385, 0.02349, 0.023485, 0.023618, 0.023449, 0.023345, ]
